Old	New
96238	95448
48519	9921
716	698
90122	91274
197101	194628
104258	102623
24212	14395
100518	90329
80264	117127
118303	155561
7579	7447
726	2283
17864	258
51122	51713
73163	75324
99315	99031
152263	197234
43291	50640
6773	6746
2495	2361
100710	98708
98271	77187
100493	72720
406667	305985
38277	41312
90122	91274
104113	102588
79788	15696
73093	72508
20033	19420
157352	161119
102205	104117
152027	158217
154563	153200
37878	37356
5736	5323
93159	94772
0	0
27346	15528
82394	83449
139518	140548
36151	37268
12905	13248
95719	94656
0	0
37010	37273
1151	1151
4624	4503
54286	54286
15449	15442
14742	14704
27182	27004
23113	13216
5072	5070
99054	31343
35533	37833
18246	18187
278348	280225
143310	143969
161760	180386
4969	4858
218173	271793
12272	12230
210608	209045
114802	108286
107897	115254
145831	1603
67704	60119
21309	0
22816	22310
80919	81324
53835	53308
25287	24067
146458	149736
122674	117604
44899	44030
29948	29784
148907	157375
72539	72675
118284	110307
161922	185824
94397	80395
99851	98096
722	704
25654	15083
86163	84541
118286	155007
7779	14633
64380	64142
41938	41806
41390	41202
26012	25206
141665	141100
1590	54278
407609	570247
255692	253960
106305	108832
147846	0
12847	12414
181	0
149	144
46404	46150
251	244
2531	0
140708	143570
589793	589793
645514	584854
28301	27458
51304	53926
41438	43975
12314	12314
113242	119538
21995	22119
35655	26029
80185	116991
68414	64729
94700	96766
9994	6794
2666887	2666887
242793	224869
161059	157238
40528	33398
84736	84770
32516	31676
2701	2632
212450	216730
30211	133742
38122	37113
145607	157139
2267	303336
17497	254
37657	36904
17487	256
10372	10129
14314	7245
334705	320212
3999	3999
189997	182478
72254	72678
66980	1583
80142	87306
106335	99631
11446	281
2701	2632
63691	119727
198437	163485
5119	5012
23629	23729
17133	17171
186751	151624
41591	40114
48885	47708
23912	14131
143561	173768
27490	27312
99910	76966
108251	120002
0	548
120877	120010
24223	26580
32572	24204
467	515
44209	34670
143124	174075
138367	107912
166758	168740
93631	97066
6460	6432
178416	53658
48656	47479
160300	166867
72574	55039
287732	1597
3256	3205
80736	85630
184069	157905
116434	114554
24820	27204
246400	249745
93376	145668
134746	131328
12434	12251
23837	24710
78337	78210
120465	117256
101613	91660
117687	131317
221109	270514
6672	490440
158188	164218
35463	35671
564155	0
75540	77095
32570	33768
22882	25167
33951	35107
22730	25125
104243	168578
208321	210448
44363	44228
32545	33068
12449	0
11504	11354
6948	6903
19801	19798
155580	162065
140985	60529
88858	90170
21692	21442
5072	5070
119491	126926
25173	25221
27231	28465
27559	0
156257	161070
110703	128970
24889	15101
61727	60810
31354	34148
90963	89818
2799	916
120800	155757
110385	0
33646	35174
176234	173538
220	220
74351	190559
24999	15213
20097	19634
176926	0
115262	115159
61979	6794
69464	69464
77797	76787
126092	127913
715	697
104893	102813
124160	126000
616236	6561
119076	155865
7923	17107
156178	159674
72859	70843
97357	78592
81138	80989
26449	25961
30222	35355
125207	162616
121829	133841
202516	200250
123756	104478
194621	189489
11021	178
222998	216242
291791	228357
100438	99971
300	300
65252	60677
144192	117455
121581	156854
3568	3513
42613	42745
90773	91268
1092473	1092473
25608	15893
43278	43568
21072	20840
72188	72560
0	49747
46337	44412
2510	2451
79699	78141
25533	25571
118894	120885
25862	25732
8139	7968
60001	59915
141183	133483
23798	15034
107576	106980
165787	166989
3775	1064
26267	469
41306	8524
715	697
34765	34193
83127	81352
3299	0
3299	0
23829	23322
2701	2632
639609	0
42470	53960
467	515
45344	44489
35180	34682
7304	14192
43169	71895
345808	507103
121828	79618
122500	116980
102494	3
243936	151746
122944	124385
218657	0
3891	3797
203873	195736
152119	151129
15778	16672
62609	64643
2	0
24093	14362
54038	54747
195615	189772
119309	154550
99124	98032
68210	0
103281	103804
436	418
9724	9527
126263	100881
94900	91528
38797	39409
155880	170059
84620	84602
0	0
101236	87228
224199	245401
120090	156252
29086	28429
6903	210188
77615	77605
135491	133402
31508	31058
115640	110988
3891	3797
162022	164527
73944	74451
779	779
467	515
1131111	1131111
844220	844220
787013	787013
1157666	1157666
68284	67599
242823	224927
24704	14817
162766	162032
2	0
120498	117308
111044	110753
256076	255982
12024	11824
69771	65336
46106	162
228	221
22196	0
252132	234900
98398	96512
186166	188058
106405	108932
149018	142247
41804	43869
97924	111693
2771	2702
204184	195491
17055	255
213188	217204
125526	160945
96881	100169
21359	21419
30979	31136
22236	21278
73871	75097
30797	31382
149606	157659
158005	41063
6771	6746
31256	31518
102153	107197
4218	1468
117227	117194
223875	208626
31883	24935
5258	5148
122151	157306
127249	130613
1705	1652
25062	24661
0	27119
52915	49878
336638	226562
5130	5129
207607	926
467	515
27625	17942
23920	24024
142114	140859
169294	167392
245	245
128517	121443
21692	21442
24547	1978
3775	1064
25011	24895
66029	65157
3891	3797
198112	185850
104504	263
17100	256
105664	107265
97304	97517
95838	97001
570	568
134250	135987
28089	18392
38883	38883
113783	110079
63977	68128
0	0
62995	67437
23054	22557
0	0
160821	210860
26888	26839
0	162
67155	49872
847	200
31095	25378
196911	207346
172991	192193
63095	51593
2	0
79328	79221
69413	68603
38750	38403
34947	35951
50359	178
119676	154842
1194	1200
53635	52718
72908	74138
34544	34436
156476	129387
58556	57159
37066	35044
35379	35379
31102	30749
141856	115756
26741	16767
202665	192570
203367	211970
27423	28963
6773	6748
197701	194269
46507	46699
178042	178981
72533	73522
132410	152662
22926	20901
17838	5050
154980	171515
15520	4225
95393	78125
36284	35832
49188	48741
78924	78336
17489	17585
73774	75004
142060	146133
27205	27027
185437	152263
129321	163851
74925	63827
260201	0
200226	188604
45523	34826
36100	36935
108227	149235
156100	163085
226	219
32756	35005
195434	198273
124206	159688
106925	109451
82488	80411
3963	3831
416765	394251
162767	165361
0	0
92032	93022
79064	78548
207624	262863
151957	159992
61428	74968
54759	57448
37915	38124
167041	165489
332898	395328
2750	3342
9269	9180
41340	41029
29845	29249
32696	32004
87368	88352
17600	17600
631053	572504
26421	26523
132212	103424
0	0
203203	194734
836926	21
148259	0
164454	171401
17801	258
67098	60814
69990	70403
128461	116047
25455	26152
32112	130
141363	141420
60611	421
83	557
122294	158251
23225	25480
337850	330913
120401	156144
13595	13819
27729	27765
112040	108182
80577	81543
113255	111007
61784	65247
115366	115032
467	515
31549	30424
120738	154576
75723	73569
84360	87081
487195	425902
91135	89025
119975	155182
32300	32042
127420	117364
178102	179194
116018	113764
0	0
116795	121337
192644	275119
48724	166
26649	25626
121022	156525
52403	54137
53559	53043
23556	13758
118076	2743
0	0
12729	12465
93549	93132
6201	0
193617	159741
12336	12371
137057	60022
139124	133420
229	162
63796	40352
2329	2329
122921	158780
159952	170067
95595	92167
95072	96094
84733	83817
24564	14785
29210	29724
26566	27076
18487	257
32264	32004
93023	272143
159016	181211
44556	44393
57592	57070
96482	96604
63522	178
115728	114673
167957	149288
87098	84560
452304	487059
110	689
17619	256
266673	260021
200341	199365
81680	83491
107593	107473
122387	122834
23933	22693
118	118
23350	23097
200621	192855
36954	36431
80942	117736
17497	254
20309	22960
213274	204805
264915	170701
151120	0
3891	3797
157580	162210
80375	117442
81	76
24283	14453
11199	11238
32272	32008
198371	178161
172275	177588
20250	22901
34742	34189
22422	12509
63311	62660
33239	32564
186075	0
206578	201368
66224	66109
162564	123194
32325	0
9757	6297
6775	782
227811	262003
71168	69571
347738	351854
93720	94818
46149	45930
52882	0
88309	89035
92268	88979
55823	82156
314	68332
122319	157376
41610	43566
57404	53505
99802	0
165410	167811
2	1
5941	5941
8511	8452
948848	238
170994	170093
16224	246
126677	0
143161	141259
13765	13563
12729	12465
190203	256339
118277	119658
26937	17286
420486	357941
8217	10129
103919	0
134565	170375
9960	10948
45462	74748
36566	35999
4536	4411
104836	104526
28839	35355
80616	69697
736161	756615
15066	14285
176980	150622
56909	66134
18328	17241
40761	51591
135424	133866
41513	61323
13386	13510
20657	0
3299	0
34759	6794
179522	159917
341052	346612
24199	14299
1492	1468
202902	195281
923348	919202
452304	487059
467	515
99774	100572
128645	99580
293569	244
110352	106528
51070	41058
171600	171155
108887	118110
1429734	1429734
208855	210666
112540	66905
277175	278042
130831	123971
502502	505416
53006	52226
1662135	1662135
18773	258
125317	162624
63437	63109
116971	114985
32075	21997
150111	4942
466484	459742
82683	83272
105036	102858
16622	15889
128963	168425
159607	149294
29198	21154
365465	425839
935571	947916
41036	0
467	515
327022	324401
37269	36821
890	870
86687	62655
142242	145260
162223	170765
112249	118942
6771	6748
128953	99542
57814	55661
848018	848018
36158	47256
168290	139051
23484	678
2346	2353
32969	32258
58913	689
85168	84328
2309	2309
205465	196133
43028	40367
90449	80403
157655	171349
115974	114084
194864	185137
80587	46167
256953	164057
151822	151822
203176	166916
211868	204896
33033	33521
61051	178
271607	272160
191724	188502
438127	0
75511	75178
136404	136081
195	181
32517	32190
0	0
636207	576392
12729	12465
70392	72553
108013	108263
241170	802648
0	0
406139	440332
118605	120046
332	35762
445380	445380
126711	161822
3775	1064
242239	237528
68462	72937
50995	28268
63784	0
58750	60286
182070	161828
26357	16958
637227	651313
90484	78667
125878	127421
382945	327627
125368	113887
183767	42105
754197	745405
246948	118
72823	72193
18099	17855
472728	493574
382186	298418
300	300
127177	161545
114925	115775
708389	554905
23926	14150
61740	178
64071	62649
167018	171064
24768	15006
181589	132010
130020	164945
76154	75280
119619	154942
242112	290708
35163	21981
2904050	795812
25376	36797
126547	131029
192420	185318
32812	23317
10820	15295
207270	279821
179708	179995
84111	72487
24764	15923
48511	49951
49943	48784
40794	42267
121060	121827
147208	146560
511382	450366
49110	49368
143238	174872
44345	44572
58704	0
127914	140111
72535	84621
118508	153584
467	515
99	0
33402	33194
25991	16200
22236	21740
159112	187433
60242	59138
74858	75242
60533	59270
31244	30773
2353	2303
64263	63497
120203	91836
179440	182283
23151	13274
373230	415866
130718	166644
23039	678
16767	254
24242	24466
25568	15796
70930	68445
76494	77961
149803	158133
68669	72176
81022	79988
198628	191204
147238	196556
639454	578328
23497	25886
41412	41057
146593	155292
63245	45228
142937	117299
5	5
122249	115057
73920	73848
24286	24401
81923	87120
170931	161819
121709	127172
99243	98703
4214	4077
128517	126972
3299	0
27546	0
295208	255425
77691	77735
4498	4231
0	39923
50719	52993
118765	153912
423312	417149
273651	274563
437	428
297276	178
96057	95709
194008	245462
69362	72407
69261	67993
44533	44300
79107	78978
130803	131659
123704	129995
6186	0
383454	68988
131652	125683
27259	130
50335	50977
30971	30794
61020	59913
119413	154936
23131	23325
724	709
5465	5337
214726	249480
36679	36313
15987	15519
120153	155798
42630	32946
24902	25222
200815	195841
4498	4231
25299	15546
119407	118108
108822	10874
24800	24225
201121	7854
142054	174163
9967	10722
10163	10902
69819	62552
6669	6540
52531	56259
80739	155594
47575	40216
40923	74457
110327	112355
100167	99251
202555	172156
37991	10648
23345	25649
41015	48293
39815	40091
42429	42721
83762	282
156185	161070
80217	158389
87012	88847
52026	43784
98357	97522
105029	119204
105782	123473
50329	60731
124239	130227
44496	44090
27473	0
42525	41545
24673	14834
108148	111474
73008	93224
244725	238291
68	0
20472	24035
77365	76347
76322	74681
12714	13083
61257	39349
145952	150307
23873	15949
118798	116810
21199	21244
15677	17287
287346	280696
227049	220502
160440	162388
18727	17744
56865	56814
33286	23699
440180	0
70221	70520
290063	351739
145815	176851
63850	64289
126	54146
168290	171483
1424	1394
113288	70882
89720	126155
3775	1064
27860	28666
58733	61461
30623	20096
86632	0
0	0
123334	158010
176562	140882
23427	22785
88997	109543
180866	163787
274	43258
3775	1064
20126	20592
349218	409238
122141	157423
41394	41394
71309	68980
356038	63819
99	0
369774	375389
5470	5330
85818	90190
64926	63791
73591	73720
