0
0
0
0
0
0
0
0
0
0
0
1
0
0
0
0
0
0
0
69
0
0
0
0
64
0
0
0
0
0
0
0
0
0
0
20
15
0
0
0
0
0
6
0
3
0
1
25
0
130
473
0
0
0
0
0
0
64
0
0
0
0
46
0
0
0
0
0
0
0
0
21
0
0
0
0
0
0
0
2
0
0
0
0
0
86
0
0
0
0
0
0
0
0
0
0
0
0
97
0
0
2
0
0
0
0
0
164
0
0
0
0
1
0
0
0
0
0
0
0
0
0
0
0
0
107139
0
0
0
0
0
0
0
54
0
0
10
2
0
0
0
0
0
0
0
0
3
0
0
0
0
0
0
0
0
0
0
0
0
0
0
0
0
0
0
0
0
0
0
0
0
0
0
0
0
0
0
0
0
0
0
0
0
0
0
0
0
9
0
0
0
0
0
17
0
0
0
0
194
0
0
0
20
1
0
0
0
0
0
0
0
0
0
0
0
0
0
0
0
0
0
0
0
0
0
0
0
0
0
0
5
0
0
0
0
11
0
0
53
0
0
0
0
0
0
1
0
0
0
0
0
0
0
0
0
0
0
0
0
0
0
0
0
0
0
0
0
0
0
0
0
0
0
0
0
0
0
0
0
0
0
0
0
0
11
0
0
0
0
0
0
0
41
0
0
0
0
0
0
0
0
0
0
0
0
0
0
0
18
0
0
0
0
0
0
0
0
5
0
0
21019
0
0
1
0
0
0
0
0
0
0
0
0
0
0
0
0
0
0
0
0
0
0
0
0
0
0
0
0
0
0
0
0
0
0
34
0
0
0
0
0
0
0
0
0
0
0
0
0
0
0
0
0
0
445
0
0
0
48
0
0
0
0
0
0
0
21
0
0
0
0
20953
0
0
0
0
0
0
0
0
0
0
0
0
0
0
0
6
0
0
0
0
0
0
0
0
0
0
0
0
0
0
0
0
0
0
0
0
0
0
0
12
0
0
0
0
0
0
0
0
0
0
31
0
0
0
0
0
0
0
0
0
0
0
0
0
0
0
0
5
0
0
0
0
0
0
0
282
0
0
0
0
0
0
2
0
0
0
0
0
0
0
0
0
0
0
529
0
0
0
0
0
0
0
0
0
0
0
1
0
43
0
800
0
0
0
0
0
0
0
0
0
0
0
0
0
0
0
0
0
0
0
0
0
0
0
0
0
0
0
0
0
0
0
0
5
0
0
0
5
0
0
0
0
0
0
0
0
0
0
0
0
0
0
0
0
0
0
0
0
0
0
0
0
0
0
0
0
0
0
0
0
0
0
0
0
0
0
0
0
0
2
28
0
0
0
0
0
0
0
0
0
0
0
0
0
0
0
0
0
0
0
0
0
1566
0
0
0
341
0
0
0
0
0
0
0
0
0
0
0
0
0
0
0
0
282
0
0
0
0
0
0
46
0
0
0
0
0
0
0
0
0
852
0
0
0
0
0
0
48
0
0
2
0
0
0
0
0
0
0
0
0
0
0
0
0
0
0
0
0
0
0
0
163
0
0
0
0
17
0
0
0
0
0
0
0
30
43
0
0
0
0
0
0
5
0
0
0
0
0
0
0
0
0
0
0
0
0
0
0
0
0
3
0
0
0
0
101
0
0
0
0
0
0
0
1
4
0
0
0
0
0
11349
0
0
0
0
10
0
0
0
0
0
0
0
0
0
0
0
0
9
0
0
39231
0
0
0
0
0
0
0
0
0
2
0
3
0
0
0
5160
0
0
0
0
0
0
0
0
0
0
0
0
0
0
0
0
0
0
0
0
0
0
0
0
0
0
0
0
0
0
0
0
0
0
0
0
0
0
39
0
0
0
0
0
0
0
0
0
5
0
0
0
0
4
0
0
0
0
0
0
0
0
0
32
0
0
0
0
0
0
0
0
0
0
0
0
0
0
0
0
0
0
0
0
0
0
0
24
0
0
0
0
0
0
0
0
0
0
0
0
0
0
0
0
0
0
0
0
0
0
0
0
0
14
0
0
0
0
0
0
0
0
0
0
0
5
0
0
0
0
0
0
0
0
0
0
0
0
0
0
0
0
0
0
0
0
0
0
0
0
0
0
0
0
0
0
0
0
0
0
0
0
0
0
2
0
0
0
0
0
0
0
0
0
0
0
0
0
0
0
0
0
0
0
0
0
0
0
0
0
0
0
0
0
0
4
0
0
0
0
36
0
0
0
10
0
0
3
0
245
0
0
0
0
26
0
0
0
0
0
0
0
0
0
0
0
0
0
0
0
