151901549
203096228
81650379
47899646
899863316
30802131
761396027446398976
825218681252765696
20255236
825049390998024192
733536950963994624
737852660183932928
9630082
258599525
3122708646
1634706151
399805362
269424738
810540893396733953
1119502988
783440136
808893873766432768
58880930
47985362
801186507931455488
19203768
2190533245
89504686
192964243
113647306
2936496598
3281181511
258032124
3447506422
16564030
30047063
1695487818
2973715954
774187456191160320
3849211272
57750231
19258241
146209930
4481168962
2239653289
16868154
3354096993
193063049
468735081
138161380
17271698
3365719153
74541831
5894872
13645402
729223119030751232
739900844531974144
1668275245
781886520978444288
570294703
24713262
66188615
774263152544452608
2806160786
1551367058
2852131203
4508117621
237086573
161598558
11164692
737342173079736321
4738176435
7377862
833373624
1393107912
48592998
3321913552
134569763
3412095995
729563714475700224
267189586
605923
3189940844
14338221
33736942
745643383188758528
745385398134661120
18957805
708690890974470145
118078818
220983330
9308852
744784018919432194
4497126976
7591252
24257870
753571748860293120
2416303724
45411436
25187570
24092133
83170793
1836330308
373385155
256118545
455827771
1200468920
238653576
168780501
38438084
742243474485956608
41353586
326644141
1009549428
734457556006010885
173013762
3935341
277409211
3111336135
415881007
188811710
86044173
2769879696
90033276
4151123165
720282585277063168
164478889
543394546
106677153
3042711
6021062
46299743
708538857940070400
2495140081
719570834487144448
1606632924
309420446
1480422979
15042751
50379684
782931
115917954
127125266
2473528178
54493821
305614894
118623489
376298824
704273004717613056
1133038710
1299060908
2586364634
702963405364322306
198925162
4925540277
22277220
4879994613
14807028
4856503619
157985123
48378958
701725615603347457
2601589496
1327778215
698172818563952640
3060184494
4897300665
516787981
160436528
386532355
42914077
110800099
122038961
4869611475
4845001934
798668178
3485785534
707840696
203024977
4844579470
14298448
25469726
3436812551
2830868675
284205655
4738279701
110465562
2374377426
127005958
10034972
21789681
2525306964
15970999
2812268522
583619284
727549675
4242196667
4208606734
1121591
4167895879
4111220189
14121668
117267879
191532379
24086900
10011252
381480281
46276118
2375877384
4058321
207756340
6758652
37367357
2313982910
234090209
3951215081
1080065808
8273852
3439046147
1625743328
153136109
1426135280
245981438
20585553
3715588822
3309403210
97436767
3405639663
36016976
22898537
3609133037
20361039
22981285
218433245
36299530
41181426
77531826
3431446607
3314095728
29202483
3354261519
414952959
3384538947
116974911
3263081858
2818832635
3271976762
16510252
34775622
584435817
2396255567
175805760
71060978
41493671
863233914
32872183
2991697611
1281526188
1094340541
93601638
3317325347
3241373905
6785192
145310513
1253356783
315217260
30213942
68329262
2437409755
26476281
14915653
333243023
45610433
265772335
14559196
19648979
3010944035
1329490188
2343706932
114485232
37421242
11406742
145084142
212331168
7841792
2780719273
1059046910
30339571
84714362
9280142
24961156
3161452212
2347676396
2787495858
18485152
3124460498
17886323
807717
2800045236
14676851
36650845
1862092890
3094776599
2412876546
3077057645
398540128
15842692
2332202281
2810690756
275243623
471700298
2825370151
2986305078
2722863132
3011670991
50128998
274274893
84858636
35063411
2369320224
15449070
1362108876
1344928800
2965341161
16632193
14080897
197877074
1039531
1794171
2919263380
248487038
974961414
136650757
495430242
988508311
2907087853
15649736
2558921360
545432826
97686415
1178381287
178073946
383505214
3007491
22943563
44388993
17652850
15229740
17875198
409504445
2428028178
92718411
52369416
14673239
18227931
732773
2560074793
2800100421
2776234795
2711199650
2825068825
2822206502
2752385484
19677430
64472672
135509603
211179164
19776081
178165020
2800143252
2763613546
89239179
61243147
102701235
2431482414
46863710
19467275
49793152
22779978
2674699039
41814921
28267732
320298773
1012488631
2527129274
2536466947
2592291038
2587811778
423250891
562233477
2525271955
132897897
1500687722
49970416
36132608
2569026047
398109871
2511651984
199397791
9568712
346054122
14509956
2512551954
17674847
255681367
8769542
27106703
2493157534
104591562
2425674422
15431437
2239079520
7223722
18564459
2383561699
2381231737
128943024
9329862
14465889
1469283758
21880973
112806109
2278388744
44973000
17981917
104248552
1455778316
519457298
261232181
73457328
12449732
13180652
56390873
1878868224
1444456622
23761309
19597819
6355402
14293580
247370192
50410039
1873691448
1511472330
27301650
19535756
40052022
1937516472
38632947
1927768428
13686942
195447741
12434302
74956583
78269677
54163837
562571892
116461750
545003004
29468552
50940718
18714809
56239365
1472127596
299932017
1646059915
75183681
6691152
1430543138
26065295
16269358
15501426
247148044
256521914
105412340
21232655
1479169362
8383552
11726
79866108
194079156
22689222
1231314888
28631536
476100749
1217754968
618889136
1381298330
13516042
21333292
307755344
14198245
246358351
41434876
139507464
1019810725
244173178
365952591
35142697
382427814
1188978266
145080615
221460308
1157624052
539768101
525880128
249127464
815880932
556567650
1031591
936881
184082385
14130929
784575811
22066521
626791738
1217801
135239104
94208781
24711165
14453338
14564240
16149989
20870016
13342392
15253735
702116713
479013038
61743700
474770944
12610112
192056435
133887059
182956232
618628646
607480844
378202816
606550203
95974012
9796892
121140906
594934857
18416299
19288395
563703084
17489806
531307387
437818152
547685358
537061602
15007784
387831845
132916189
45752188
497825678
385020618
199205892
14331818
479894950
34713020
470775438
112950384
15831818
28178451
413130434
100660566
411169790
259850415
402772312
1711171
5641552
34698911
387069830
20610488
278198164
355773903
366605043
338504977
35883240
14149525
14119157
21586018
77997105
1701371
106536714
19450230
337124515
320276384
40903501
36045574
278661116
32495546
191032987
132900528
133035766
48082526
264874122
32747579
22826489
7136612
44583052
14077727
211104907
48356887
18638955
241865283
15044465
71089109
12509892
205922124
17002009
201612370
14320209
8500742
17369964
55361508
180473295
75550501
16464166
17163698
123740183
20148603
90083746
11137722
