459714841
824794440409706496
843688744901382144
316541796
737630198
2757529273
35243537
4775630002
2374162148
701872460
954445418
469014898
36209693
2915925127
362400064
3491911337
3430789587
3141499675
4449964589
412656612
765238761563181057
2871162686
755752221279526912
3081659314
586039518
703012283421736961
382642688
123429461
247566363
1431872971
846327703
1592409919
2431733525
24067286
282363886
381685184
4844650102
1173602737
2206465260
1242510979
3854091557
2337092050
389112340
4013754673
403723130
279203046
894280962
1877579425
545525266
2336847484
2571175763
480721597
2778100097
295832625
2206634780
3030682438
719147695
20848461
2362519071
29872295